{
 "cells": [
  {
   "cell_type": "markdown",
   "metadata": {},
   "source": [
    "https://machinelearningmastery.com/machine-learning-in-python-step-by-step/\n",
    "\n"
   ]
  },
  {
   "cell_type": "code",
   "execution_count": 1,
   "metadata": {},
   "outputs": [
    {
     "name": "stdout",
     "output_type": "stream",
     "text": [
      "Python: 3.6.5 |Anaconda, Inc.| (default, Apr 29 2018, 16:28:17) \n",
      "[GCC 7.2.0]\n",
      "scipy: 1.1.0\n",
      "numpy: 1.14.3\n",
      "matplotlib: 2.2.2\n"
     ]
    },
    {
     "ename": "NameError",
     "evalue": "name 'pandas' is not defined",
     "output_type": "error",
     "traceback": [
      "\u001b[0;31m---------------------------------------------------------------------------\u001b[0m",
      "\u001b[0;31mNameError\u001b[0m                                 Traceback (most recent call last)",
      "\u001b[0;32m<ipython-input-1-ace7f2ce7936>\u001b[0m in \u001b[0;36m<module>\u001b[0;34m()\u001b[0m\n\u001b[1;32m     15\u001b[0m \u001b[0;31m# pandas\u001b[0m\u001b[0;34m\u001b[0m\u001b[0;34m\u001b[0m\u001b[0m\n\u001b[1;32m     16\u001b[0m \u001b[0;32mimport\u001b[0m \u001b[0mpandas\u001b[0m \u001b[0;32mas\u001b[0m \u001b[0mpd\u001b[0m\u001b[0;34m\u001b[0m\u001b[0m\n\u001b[0;32m---> 17\u001b[0;31m \u001b[0mprint\u001b[0m\u001b[0;34m(\u001b[0m\u001b[0;34m'pandas: {}'\u001b[0m\u001b[0;34m.\u001b[0m\u001b[0mformat\u001b[0m\u001b[0;34m(\u001b[0m\u001b[0mpandas\u001b[0m\u001b[0;34m.\u001b[0m\u001b[0m__version__\u001b[0m\u001b[0;34m)\u001b[0m\u001b[0;34m)\u001b[0m\u001b[0;34m\u001b[0m\u001b[0m\n\u001b[0m\u001b[1;32m     18\u001b[0m \u001b[0;31m# scikit-learn\u001b[0m\u001b[0;34m\u001b[0m\u001b[0;34m\u001b[0m\u001b[0m\n\u001b[1;32m     19\u001b[0m \u001b[0;32mimport\u001b[0m \u001b[0msklearn\u001b[0m\u001b[0;34m\u001b[0m\u001b[0m\n",
      "\u001b[0;31mNameError\u001b[0m: name 'pandas' is not defined"
     ]
    }
   ],
   "source": [
    "# Check the versions of libraries\n",
    " \n",
    "# Python version\n",
    "import sys\n",
    "print('Python: {}'.format(sys.version))\n",
    "# scipy\n",
    "import scipy\n",
    "print('scipy: {}'.format(scipy.__version__))\n",
    "# numpy\n",
    "import numpy\n",
    "print('numpy: {}'.format(numpy.__version__))\n",
    "# matplotlib\n",
    "import matplotlib\n",
    "print('matplotlib: {}'.format(matplotlib.__version__))\n",
    "# pandas\n",
    "import pandas as pd\n",
    "print('pandas: {}'.format(pandas.__version__))\n",
    "# scikit-learn\n",
    "import sklearn\n",
    "print('sklearn: {}'.format(sklearn.__version__))"
   ]
  },
  {
   "cell_type": "code",
   "execution_count": 41,
   "metadata": {},
   "outputs": [],
   "source": [
    "import statsmodels.formula.api as smf\n",
    "import statsmodels.stats.api as sms\n",
    "from scipy import stats\n",
    "from statsmodels.compat import lzip\n",
    "import statsmodels\n",
    "import matplotlib.pyplot as plt"
   ]
  },
  {
   "cell_type": "code",
   "execution_count": 57,
   "metadata": {},
   "outputs": [
    {
     "data": {
      "text/plain": [
       "<bound method NDFrame.head of            AGE  FG  FGA  THREEP  THREEPA  FT  FTA  ORB  DRB  TRB  AST  STL  \\\n",
       "0    21.115068   1    8       0        2   2    3    0    8    8    4    2   \n",
       "1    21.126027   0    0       0        0   0    0    0    0    0    0    0   \n",
       "2    21.128767   0    2       0        0   0    0    0    1    1    0    0   \n",
       "3    21.136986   0    4       0        2   0    0    0    3    3    1    0   \n",
       "4    21.145205   1    7       0        1   0    0    0    3    3    0    0   \n",
       "5    21.156164   0    2       0        0   0    0    0    2    2    1    0   \n",
       "6    21.158904   0    0       0        0   0    0    0    0    0    1    0   \n",
       "7    21.180822   0    1       0        0   0    0    0    1    1    0    1   \n",
       "8    21.183562   0    0       0        0   0    0    0    0    0    0    0   \n",
       "9    21.197260   1    3       0        0   1    2    0    5    5    1    0   \n",
       "10   21.208219   4    5       1        2   0    0    1    4    5    3    2   \n",
       "11   21.213699   3    6       0        0   0    0    0    4    4    3    0   \n",
       "12   21.219178   0    0       0        0   0    0    0    0    0    0    0   \n",
       "13   21.221918   6    7       0        0   3    5    0    5    5    1    0   \n",
       "14   21.227397   1    3       0        0   1    1    0    1    1    1    0   \n",
       "15   21.232877   1    7       0        0   0    1    2    7    9    1    3   \n",
       "16   21.235616   4    8       1        1   2    2    0    8    8    0    2   \n",
       "17   21.241096   2    4       1        2   0    0    0    3    3    1    0   \n",
       "18   21.249315   0    1       0        1   0    0    0    0    0    0    0   \n",
       "19   21.252055   0    4       0        0   0    0    0    3    3    1    0   \n",
       "20   21.263014   2    2       0        0   0    0    0    0    0    1    0   \n",
       "21   21.265753   2    3       0        0   0    0    0    2    2    2    1   \n",
       "22   21.273973   1    3       0        0   0    0    0    1    1    3    1   \n",
       "23   21.290411   0    0       0        0   0    0    0    0    0    2    1   \n",
       "24   21.293151   0    0       0        0   0    0    0    1    1    0    0   \n",
       "25   21.301370   0    0       0        0   0    0    1    0    1    1    0   \n",
       "26   21.309589   0    1       0        0   0    0    1    1    2    0    0   \n",
       "27   21.476712   0    1       0        0   0    0    0    0    0    0    0   \n",
       "28   21.482192   0    0       0        0   0    0    0    0    0    0    0   \n",
       "29   21.487671   1    2       0        0   0    0    0    1    1    0    0   \n",
       "..         ...  ..  ...     ...      ...  ..  ...  ...  ...  ...  ...  ...   \n",
       "227  24.350685   9   12       0        0   0    0    1    3    4    5    1   \n",
       "228  24.356164   3    7       0        2   1    1    0    4    4    2    1   \n",
       "229  24.361644   4    6       0        1   0    0    1    2    3    1    3   \n",
       "230  24.372603   0    2       0        0   0    0    0    5    5    4    0   \n",
       "231  24.380822   9   13       0        1   2    5    3    3    6    4    3   \n",
       "232  24.386301   5   12       0        3   6    8    1    4    5    3    0   \n",
       "233  24.389041   1    3       0        0   0    2    0    2    2    2    0   \n",
       "234  24.416438   3    4       0        1   2    4    1    2    3    3    1   \n",
       "235  24.421918   4    7       0        0   2    4    1    5    6    4    2   \n",
       "236  24.430137   2    6       0        0   0    0    4    4    8    2    1   \n",
       "237  24.438356   4    4       0        0   0    0    1    3    4    5    2   \n",
       "238  24.443836   3    5       0        0   5    7    0    2    2    4    5   \n",
       "239  24.452055   5   12       0        1   2    2    2    9   11    4    5   \n",
       "240  24.457534   3    7       0        2   0    2    0    4    4    2    2   \n",
       "241  24.463014   2    6       0        2   2    4    1    0    1    1    0   \n",
       "242  24.465753   2    2       1        1   0    0    2    4    6    4    2   \n",
       "243  24.471233   2    5       0        1   2    2    0    5    5    4    3   \n",
       "244  24.476712   1    1       1        1   0    0    0    3    3    0    2   \n",
       "245  24.482192   0    2       0        2   0    0    3    7   10    4    1   \n",
       "246  24.487671   7    8       1        1   1    2    3    1    4    4    0   \n",
       "247  24.493151   2    5       1        1   0    0    0    7    7    3    4   \n",
       "248  24.498630   3    6       0        0   0    0    3    3    6    0    1   \n",
       "249  24.504110   3    4       0        0   1    2    1    2    3    2    1   \n",
       "250  24.509589   4    4       1        1   1    2    0    0    0    2    2   \n",
       "251  24.517808   2    4       0        1   1    2    0    1    1    5    2   \n",
       "252  24.523288   3    5       1        1   0    1    2    4    6    2    0   \n",
       "253  24.526027   4   10       1        3   0    0    1    3    4    1    3   \n",
       "254  24.534247   3    4       0        0   1    1    2    3    5    3    2   \n",
       "255  24.539726   2    4       0        1   4    6    0    5    5    2    2   \n",
       "256  24.545205   4    7       1        1   1    1    0    0    0    2    2   \n",
       "\n",
       "     BLK  TOV  PF  PTS  GmSc  PlusMinus  \n",
       "0      0    0   3    4   4.4         -4  \n",
       "1      0    0   0    0   0.0          3  \n",
       "2      1    0   1    0  -0.8         -1  \n",
       "3      0    0   0    0  -1.2        -12  \n",
       "4      1    1   3    2  -3.1         -4  \n",
       "5      1    0   1    0   0.2          0  \n",
       "6      0    0   0    0   0.7         -3  \n",
       "7      0    0   0    0   0.6          3  \n",
       "8      1    0   0    0   0.7          6  \n",
       "9      1    1   2    3   2.0         -4  \n",
       "10     0    0   0    9  13.1          7  \n",
       "11     0    0   1    6   5.9          5  \n",
       "12     0    0   0    0   0.0         -1  \n",
       "13     1    1   2   15  12.8        -15  \n",
       "14     1    0   0    3   3.0         -4  \n",
       "15     0    0   3    2   3.1          6  \n",
       "16     0    2   4   11   7.8         11  \n",
       "17     0    0   1    5   4.2         -7  \n",
       "18     0    0   1    0  -1.1         -2  \n",
       "19     0    1   0    0  -2.2          3  \n",
       "20     0    0   2    4   3.3          3  \n",
       "21     0    2   1    4   3.3        -10  \n",
       "22     0    0   1    2   3.3         -6  \n",
       "23     0    2   0    0   0.4          6  \n",
       "24     0    0   0    0   0.3          1  \n",
       "25     0    0   0    0   1.4          1  \n",
       "26     0    0   0    0   0.3         -5  \n",
       "27     0    0   0    0  -0.7         -3  \n",
       "28     0    0   0    0   0.0         -2  \n",
       "29     0    0   0    2   1.3         -2  \n",
       "..   ...  ...  ..  ...   ...        ...  \n",
       "227    2    1   0   18  19.7          5  \n",
       "228    1    0   1    7   7.2         -9  \n",
       "229    0    1   1    8   9.0        -12  \n",
       "230    0    0   1    0   2.5         22  \n",
       "231    2    4   2   20  18.7          2  \n",
       "232    1    4   2   16   8.7        -14  \n",
       "233    2    2   2    2   0.1        -24  \n",
       "234    0    0   2    8   9.2          8  \n",
       "235    3    0   2   10  14.2          8  \n",
       "236    1    0   1    4   7.3         -7  \n",
       "237    0    1   0    8  12.9          8  \n",
       "238    0    2   1   11  13.9         -4  \n",
       "239    0    1   4   12  14.9         -2  \n",
       "240    0    2   1    6   3.7         -8  \n",
       "241    0    0   2    6   2.4        -17  \n",
       "242    1    3   2    5   8.7         28  \n",
       "243    2    0   1    6  11.6         -5  \n",
       "244    0    0   1    3   5.2        -14  \n",
       "245    0    2   1    0   4.2         30  \n",
       "246    1    3   3   16  14.5         24  \n",
       "247    1    3   0    5   8.2          2  \n",
       "248    0    2   0    6   5.0         -2  \n",
       "249    1    0   2    7   8.6          3  \n",
       "250    0    0   4   10  10.2          7  \n",
       "251    1    0   0    5   9.1          6  \n",
       "252    4    1   2    7   9.3          2  \n",
       "253    1    1   3    9   7.4        -13  \n",
       "254    1    0   2    7  11.7         12  \n",
       "255    1    0   2    8  10.0          6  \n",
       "256    0    0   1   10   9.7        -11  \n",
       "\n",
       "[257 rows x 18 columns]>"
      ]
     },
     "execution_count": 57,
     "metadata": {},
     "output_type": "execute_result"
    }
   ],
   "source": [
    "data = pd.read_csv('anderson game log.csv', header=0)\n",
    "data = data.dropna()\n",
    "data.head"
   ]
  },
  {
   "cell_type": "code",
   "execution_count": 58,
   "metadata": {},
   "outputs": [
    {
     "data": {
      "text/html": [
       "<div>\n",
       "<style scoped>\n",
       "    .dataframe tbody tr th:only-of-type {\n",
       "        vertical-align: middle;\n",
       "    }\n",
       "\n",
       "    .dataframe tbody tr th {\n",
       "        vertical-align: top;\n",
       "    }\n",
       "\n",
       "    .dataframe thead th {\n",
       "        text-align: right;\n",
       "    }\n",
       "</style>\n",
       "<table border=\"1\" class=\"dataframe\">\n",
       "  <thead>\n",
       "    <tr style=\"text-align: right;\">\n",
       "      <th></th>\n",
       "      <th>AGE</th>\n",
       "      <th>FG</th>\n",
       "      <th>FGA</th>\n",
       "      <th>THREEP</th>\n",
       "      <th>THREEPA</th>\n",
       "      <th>FT</th>\n",
       "      <th>FTA</th>\n",
       "      <th>ORB</th>\n",
       "      <th>DRB</th>\n",
       "      <th>TRB</th>\n",
       "      <th>AST</th>\n",
       "      <th>STL</th>\n",
       "      <th>BLK</th>\n",
       "      <th>TOV</th>\n",
       "      <th>PF</th>\n",
       "      <th>PTS</th>\n",
       "      <th>GmSc</th>\n",
       "      <th>PlusMinus</th>\n",
       "    </tr>\n",
       "  </thead>\n",
       "  <tbody>\n",
       "    <tr>\n",
       "      <th>AGE</th>\n",
       "      <td>1.000000</td>\n",
       "      <td>0.352525</td>\n",
       "      <td>0.324645</td>\n",
       "      <td>0.143786</td>\n",
       "      <td>0.198118</td>\n",
       "      <td>0.220057</td>\n",
       "      <td>0.250685</td>\n",
       "      <td>0.372895</td>\n",
       "      <td>0.277790</td>\n",
       "      <td>0.365584</td>\n",
       "      <td>0.341646</td>\n",
       "      <td>0.307458</td>\n",
       "      <td>0.257473</td>\n",
       "      <td>0.275266</td>\n",
       "      <td>0.165132</td>\n",
       "      <td>0.380406</td>\n",
       "      <td>0.436990</td>\n",
       "      <td>0.064775</td>\n",
       "    </tr>\n",
       "    <tr>\n",
       "      <th>FG</th>\n",
       "      <td>0.352525</td>\n",
       "      <td>1.000000</td>\n",
       "      <td>0.838953</td>\n",
       "      <td>0.301152</td>\n",
       "      <td>0.274899</td>\n",
       "      <td>0.248496</td>\n",
       "      <td>0.303397</td>\n",
       "      <td>0.352984</td>\n",
       "      <td>0.422581</td>\n",
       "      <td>0.484905</td>\n",
       "      <td>0.463172</td>\n",
       "      <td>0.373636</td>\n",
       "      <td>0.260089</td>\n",
       "      <td>0.334323</td>\n",
       "      <td>0.332901</td>\n",
       "      <td>0.947860</td>\n",
       "      <td>0.846691</td>\n",
       "      <td>0.197909</td>\n",
       "    </tr>\n",
       "    <tr>\n",
       "      <th>FGA</th>\n",
       "      <td>0.324645</td>\n",
       "      <td>0.838953</td>\n",
       "      <td>1.000000</td>\n",
       "      <td>0.273166</td>\n",
       "      <td>0.439129</td>\n",
       "      <td>0.277054</td>\n",
       "      <td>0.335185</td>\n",
       "      <td>0.433232</td>\n",
       "      <td>0.519877</td>\n",
       "      <td>0.596210</td>\n",
       "      <td>0.493838</td>\n",
       "      <td>0.401391</td>\n",
       "      <td>0.285669</td>\n",
       "      <td>0.302453</td>\n",
       "      <td>0.369954</td>\n",
       "      <td>0.819258</td>\n",
       "      <td>0.685910</td>\n",
       "      <td>0.104120</td>\n",
       "    </tr>\n",
       "    <tr>\n",
       "      <th>THREEP</th>\n",
       "      <td>0.143786</td>\n",
       "      <td>0.301152</td>\n",
       "      <td>0.273166</td>\n",
       "      <td>1.000000</td>\n",
       "      <td>0.592017</td>\n",
       "      <td>0.007001</td>\n",
       "      <td>-0.028031</td>\n",
       "      <td>0.083085</td>\n",
       "      <td>0.221518</td>\n",
       "      <td>0.220298</td>\n",
       "      <td>0.215846</td>\n",
       "      <td>0.218067</td>\n",
       "      <td>0.165276</td>\n",
       "      <td>0.043010</td>\n",
       "      <td>0.106229</td>\n",
       "      <td>0.348609</td>\n",
       "      <td>0.383692</td>\n",
       "      <td>0.222776</td>\n",
       "    </tr>\n",
       "    <tr>\n",
       "      <th>THREEPA</th>\n",
       "      <td>0.198118</td>\n",
       "      <td>0.274899</td>\n",
       "      <td>0.439129</td>\n",
       "      <td>0.592017</td>\n",
       "      <td>1.000000</td>\n",
       "      <td>0.117777</td>\n",
       "      <td>0.115039</td>\n",
       "      <td>0.131317</td>\n",
       "      <td>0.281307</td>\n",
       "      <td>0.288336</td>\n",
       "      <td>0.322762</td>\n",
       "      <td>0.248452</td>\n",
       "      <td>0.170991</td>\n",
       "      <td>0.150769</td>\n",
       "      <td>0.123670</td>\n",
       "      <td>0.324157</td>\n",
       "      <td>0.306996</td>\n",
       "      <td>0.102944</td>\n",
       "    </tr>\n",
       "    <tr>\n",
       "      <th>FT</th>\n",
       "      <td>0.220057</td>\n",
       "      <td>0.248496</td>\n",
       "      <td>0.277054</td>\n",
       "      <td>0.007001</td>\n",
       "      <td>0.117777</td>\n",
       "      <td>1.000000</td>\n",
       "      <td>0.933337</td>\n",
       "      <td>0.103190</td>\n",
       "      <td>0.287776</td>\n",
       "      <td>0.284613</td>\n",
       "      <td>0.287016</td>\n",
       "      <td>0.166058</td>\n",
       "      <td>0.107412</td>\n",
       "      <td>0.183618</td>\n",
       "      <td>0.189592</td>\n",
       "      <td>0.531964</td>\n",
       "      <td>0.488387</td>\n",
       "      <td>0.187018</td>\n",
       "    </tr>\n",
       "    <tr>\n",
       "      <th>FTA</th>\n",
       "      <td>0.250685</td>\n",
       "      <td>0.303397</td>\n",
       "      <td>0.335185</td>\n",
       "      <td>-0.028031</td>\n",
       "      <td>0.115039</td>\n",
       "      <td>0.933337</td>\n",
       "      <td>1.000000</td>\n",
       "      <td>0.128559</td>\n",
       "      <td>0.287524</td>\n",
       "      <td>0.292827</td>\n",
       "      <td>0.305711</td>\n",
       "      <td>0.175096</td>\n",
       "      <td>0.157554</td>\n",
       "      <td>0.183256</td>\n",
       "      <td>0.230478</td>\n",
       "      <td>0.553265</td>\n",
       "      <td>0.485415</td>\n",
       "      <td>0.156764</td>\n",
       "    </tr>\n",
       "    <tr>\n",
       "      <th>ORB</th>\n",
       "      <td>0.372895</td>\n",
       "      <td>0.352984</td>\n",
       "      <td>0.433232</td>\n",
       "      <td>0.083085</td>\n",
       "      <td>0.131317</td>\n",
       "      <td>0.103190</td>\n",
       "      <td>0.128559</td>\n",
       "      <td>1.000000</td>\n",
       "      <td>0.229865</td>\n",
       "      <td>0.532366</td>\n",
       "      <td>0.302287</td>\n",
       "      <td>0.145549</td>\n",
       "      <td>0.255094</td>\n",
       "      <td>0.211358</td>\n",
       "      <td>0.117751</td>\n",
       "      <td>0.337402</td>\n",
       "      <td>0.398569</td>\n",
       "      <td>0.050551</td>\n",
       "    </tr>\n",
       "    <tr>\n",
       "      <th>DRB</th>\n",
       "      <td>0.277790</td>\n",
       "      <td>0.422581</td>\n",
       "      <td>0.519877</td>\n",
       "      <td>0.221518</td>\n",
       "      <td>0.281307</td>\n",
       "      <td>0.287776</td>\n",
       "      <td>0.287524</td>\n",
       "      <td>0.229865</td>\n",
       "      <td>1.000000</td>\n",
       "      <td>0.946219</td>\n",
       "      <td>0.398882</td>\n",
       "      <td>0.413804</td>\n",
       "      <td>0.252771</td>\n",
       "      <td>0.270757</td>\n",
       "      <td>0.375735</td>\n",
       "      <td>0.468342</td>\n",
       "      <td>0.550445</td>\n",
       "      <td>0.269771</td>\n",
       "    </tr>\n",
       "    <tr>\n",
       "      <th>TRB</th>\n",
       "      <td>0.365584</td>\n",
       "      <td>0.484905</td>\n",
       "      <td>0.596210</td>\n",
       "      <td>0.220298</td>\n",
       "      <td>0.288336</td>\n",
       "      <td>0.284613</td>\n",
       "      <td>0.292827</td>\n",
       "      <td>0.532366</td>\n",
       "      <td>0.946219</td>\n",
       "      <td>1.000000</td>\n",
       "      <td>0.447439</td>\n",
       "      <td>0.408314</td>\n",
       "      <td>0.304662</td>\n",
       "      <td>0.305767</td>\n",
       "      <td>0.365960</td>\n",
       "      <td>0.519528</td>\n",
       "      <td>0.611276</td>\n",
       "      <td>0.251453</td>\n",
       "    </tr>\n",
       "    <tr>\n",
       "      <th>AST</th>\n",
       "      <td>0.341646</td>\n",
       "      <td>0.463172</td>\n",
       "      <td>0.493838</td>\n",
       "      <td>0.215846</td>\n",
       "      <td>0.322762</td>\n",
       "      <td>0.287016</td>\n",
       "      <td>0.305711</td>\n",
       "      <td>0.302287</td>\n",
       "      <td>0.398882</td>\n",
       "      <td>0.447439</td>\n",
       "      <td>1.000000</td>\n",
       "      <td>0.316446</td>\n",
       "      <td>0.249411</td>\n",
       "      <td>0.285106</td>\n",
       "      <td>0.191805</td>\n",
       "      <td>0.501642</td>\n",
       "      <td>0.647494</td>\n",
       "      <td>0.301202</td>\n",
       "    </tr>\n",
       "    <tr>\n",
       "      <th>STL</th>\n",
       "      <td>0.307458</td>\n",
       "      <td>0.373636</td>\n",
       "      <td>0.401391</td>\n",
       "      <td>0.218067</td>\n",
       "      <td>0.248452</td>\n",
       "      <td>0.166058</td>\n",
       "      <td>0.175096</td>\n",
       "      <td>0.145549</td>\n",
       "      <td>0.413804</td>\n",
       "      <td>0.408314</td>\n",
       "      <td>0.316446</td>\n",
       "      <td>1.000000</td>\n",
       "      <td>0.134718</td>\n",
       "      <td>0.278439</td>\n",
       "      <td>0.254873</td>\n",
       "      <td>0.387651</td>\n",
       "      <td>0.549630</td>\n",
       "      <td>0.206070</td>\n",
       "    </tr>\n",
       "    <tr>\n",
       "      <th>BLK</th>\n",
       "      <td>0.257473</td>\n",
       "      <td>0.260089</td>\n",
       "      <td>0.285669</td>\n",
       "      <td>0.165276</td>\n",
       "      <td>0.170991</td>\n",
       "      <td>0.107412</td>\n",
       "      <td>0.157554</td>\n",
       "      <td>0.255094</td>\n",
       "      <td>0.252771</td>\n",
       "      <td>0.304662</td>\n",
       "      <td>0.249411</td>\n",
       "      <td>0.134718</td>\n",
       "      <td>1.000000</td>\n",
       "      <td>0.141770</td>\n",
       "      <td>0.196866</td>\n",
       "      <td>0.268465</td>\n",
       "      <td>0.358876</td>\n",
       "      <td>0.059344</td>\n",
       "    </tr>\n",
       "    <tr>\n",
       "      <th>TOV</th>\n",
       "      <td>0.275266</td>\n",
       "      <td>0.334323</td>\n",
       "      <td>0.302453</td>\n",
       "      <td>0.043010</td>\n",
       "      <td>0.150769</td>\n",
       "      <td>0.183618</td>\n",
       "      <td>0.183256</td>\n",
       "      <td>0.211358</td>\n",
       "      <td>0.270757</td>\n",
       "      <td>0.305767</td>\n",
       "      <td>0.285106</td>\n",
       "      <td>0.278439</td>\n",
       "      <td>0.141770</td>\n",
       "      <td>1.000000</td>\n",
       "      <td>0.217037</td>\n",
       "      <td>0.343941</td>\n",
       "      <td>0.217688</td>\n",
       "      <td>0.007662</td>\n",
       "    </tr>\n",
       "    <tr>\n",
       "      <th>PF</th>\n",
       "      <td>0.165132</td>\n",
       "      <td>0.332901</td>\n",
       "      <td>0.369954</td>\n",
       "      <td>0.106229</td>\n",
       "      <td>0.123670</td>\n",
       "      <td>0.189592</td>\n",
       "      <td>0.230478</td>\n",
       "      <td>0.117751</td>\n",
       "      <td>0.375735</td>\n",
       "      <td>0.365960</td>\n",
       "      <td>0.191805</td>\n",
       "      <td>0.254873</td>\n",
       "      <td>0.196866</td>\n",
       "      <td>0.217037</td>\n",
       "      <td>1.000000</td>\n",
       "      <td>0.350588</td>\n",
       "      <td>0.254964</td>\n",
       "      <td>0.115761</td>\n",
       "    </tr>\n",
       "    <tr>\n",
       "      <th>PTS</th>\n",
       "      <td>0.380406</td>\n",
       "      <td>0.947860</td>\n",
       "      <td>0.819258</td>\n",
       "      <td>0.348609</td>\n",
       "      <td>0.324157</td>\n",
       "      <td>0.531964</td>\n",
       "      <td>0.553265</td>\n",
       "      <td>0.337402</td>\n",
       "      <td>0.468342</td>\n",
       "      <td>0.519528</td>\n",
       "      <td>0.501642</td>\n",
       "      <td>0.387651</td>\n",
       "      <td>0.268465</td>\n",
       "      <td>0.343941</td>\n",
       "      <td>0.350588</td>\n",
       "      <td>1.000000</td>\n",
       "      <td>0.904288</td>\n",
       "      <td>0.247332</td>\n",
       "    </tr>\n",
       "    <tr>\n",
       "      <th>GmSc</th>\n",
       "      <td>0.436990</td>\n",
       "      <td>0.846691</td>\n",
       "      <td>0.685910</td>\n",
       "      <td>0.383692</td>\n",
       "      <td>0.306996</td>\n",
       "      <td>0.488387</td>\n",
       "      <td>0.485415</td>\n",
       "      <td>0.398569</td>\n",
       "      <td>0.550445</td>\n",
       "      <td>0.611276</td>\n",
       "      <td>0.647494</td>\n",
       "      <td>0.549630</td>\n",
       "      <td>0.358876</td>\n",
       "      <td>0.217688</td>\n",
       "      <td>0.254964</td>\n",
       "      <td>0.904288</td>\n",
       "      <td>1.000000</td>\n",
       "      <td>0.359840</td>\n",
       "    </tr>\n",
       "    <tr>\n",
       "      <th>PlusMinus</th>\n",
       "      <td>0.064775</td>\n",
       "      <td>0.197909</td>\n",
       "      <td>0.104120</td>\n",
       "      <td>0.222776</td>\n",
       "      <td>0.102944</td>\n",
       "      <td>0.187018</td>\n",
       "      <td>0.156764</td>\n",
       "      <td>0.050551</td>\n",
       "      <td>0.269771</td>\n",
       "      <td>0.251453</td>\n",
       "      <td>0.301202</td>\n",
       "      <td>0.206070</td>\n",
       "      <td>0.059344</td>\n",
       "      <td>0.007662</td>\n",
       "      <td>0.115761</td>\n",
       "      <td>0.247332</td>\n",
       "      <td>0.359840</td>\n",
       "      <td>1.000000</td>\n",
       "    </tr>\n",
       "  </tbody>\n",
       "</table>\n",
       "</div>"
      ],
      "text/plain": [
       "                AGE        FG       FGA    THREEP   THREEPA        FT  \\\n",
       "AGE        1.000000  0.352525  0.324645  0.143786  0.198118  0.220057   \n",
       "FG         0.352525  1.000000  0.838953  0.301152  0.274899  0.248496   \n",
       "FGA        0.324645  0.838953  1.000000  0.273166  0.439129  0.277054   \n",
       "THREEP     0.143786  0.301152  0.273166  1.000000  0.592017  0.007001   \n",
       "THREEPA    0.198118  0.274899  0.439129  0.592017  1.000000  0.117777   \n",
       "FT         0.220057  0.248496  0.277054  0.007001  0.117777  1.000000   \n",
       "FTA        0.250685  0.303397  0.335185 -0.028031  0.115039  0.933337   \n",
       "ORB        0.372895  0.352984  0.433232  0.083085  0.131317  0.103190   \n",
       "DRB        0.277790  0.422581  0.519877  0.221518  0.281307  0.287776   \n",
       "TRB        0.365584  0.484905  0.596210  0.220298  0.288336  0.284613   \n",
       "AST        0.341646  0.463172  0.493838  0.215846  0.322762  0.287016   \n",
       "STL        0.307458  0.373636  0.401391  0.218067  0.248452  0.166058   \n",
       "BLK        0.257473  0.260089  0.285669  0.165276  0.170991  0.107412   \n",
       "TOV        0.275266  0.334323  0.302453  0.043010  0.150769  0.183618   \n",
       "PF         0.165132  0.332901  0.369954  0.106229  0.123670  0.189592   \n",
       "PTS        0.380406  0.947860  0.819258  0.348609  0.324157  0.531964   \n",
       "GmSc       0.436990  0.846691  0.685910  0.383692  0.306996  0.488387   \n",
       "PlusMinus  0.064775  0.197909  0.104120  0.222776  0.102944  0.187018   \n",
       "\n",
       "                FTA       ORB       DRB       TRB       AST       STL  \\\n",
       "AGE        0.250685  0.372895  0.277790  0.365584  0.341646  0.307458   \n",
       "FG         0.303397  0.352984  0.422581  0.484905  0.463172  0.373636   \n",
       "FGA        0.335185  0.433232  0.519877  0.596210  0.493838  0.401391   \n",
       "THREEP    -0.028031  0.083085  0.221518  0.220298  0.215846  0.218067   \n",
       "THREEPA    0.115039  0.131317  0.281307  0.288336  0.322762  0.248452   \n",
       "FT         0.933337  0.103190  0.287776  0.284613  0.287016  0.166058   \n",
       "FTA        1.000000  0.128559  0.287524  0.292827  0.305711  0.175096   \n",
       "ORB        0.128559  1.000000  0.229865  0.532366  0.302287  0.145549   \n",
       "DRB        0.287524  0.229865  1.000000  0.946219  0.398882  0.413804   \n",
       "TRB        0.292827  0.532366  0.946219  1.000000  0.447439  0.408314   \n",
       "AST        0.305711  0.302287  0.398882  0.447439  1.000000  0.316446   \n",
       "STL        0.175096  0.145549  0.413804  0.408314  0.316446  1.000000   \n",
       "BLK        0.157554  0.255094  0.252771  0.304662  0.249411  0.134718   \n",
       "TOV        0.183256  0.211358  0.270757  0.305767  0.285106  0.278439   \n",
       "PF         0.230478  0.117751  0.375735  0.365960  0.191805  0.254873   \n",
       "PTS        0.553265  0.337402  0.468342  0.519528  0.501642  0.387651   \n",
       "GmSc       0.485415  0.398569  0.550445  0.611276  0.647494  0.549630   \n",
       "PlusMinus  0.156764  0.050551  0.269771  0.251453  0.301202  0.206070   \n",
       "\n",
       "                BLK       TOV        PF       PTS      GmSc  PlusMinus  \n",
       "AGE        0.257473  0.275266  0.165132  0.380406  0.436990   0.064775  \n",
       "FG         0.260089  0.334323  0.332901  0.947860  0.846691   0.197909  \n",
       "FGA        0.285669  0.302453  0.369954  0.819258  0.685910   0.104120  \n",
       "THREEP     0.165276  0.043010  0.106229  0.348609  0.383692   0.222776  \n",
       "THREEPA    0.170991  0.150769  0.123670  0.324157  0.306996   0.102944  \n",
       "FT         0.107412  0.183618  0.189592  0.531964  0.488387   0.187018  \n",
       "FTA        0.157554  0.183256  0.230478  0.553265  0.485415   0.156764  \n",
       "ORB        0.255094  0.211358  0.117751  0.337402  0.398569   0.050551  \n",
       "DRB        0.252771  0.270757  0.375735  0.468342  0.550445   0.269771  \n",
       "TRB        0.304662  0.305767  0.365960  0.519528  0.611276   0.251453  \n",
       "AST        0.249411  0.285106  0.191805  0.501642  0.647494   0.301202  \n",
       "STL        0.134718  0.278439  0.254873  0.387651  0.549630   0.206070  \n",
       "BLK        1.000000  0.141770  0.196866  0.268465  0.358876   0.059344  \n",
       "TOV        0.141770  1.000000  0.217037  0.343941  0.217688   0.007662  \n",
       "PF         0.196866  0.217037  1.000000  0.350588  0.254964   0.115761  \n",
       "PTS        0.268465  0.343941  0.350588  1.000000  0.904288   0.247332  \n",
       "GmSc       0.358876  0.217688  0.254964  0.904288  1.000000   0.359840  \n",
       "PlusMinus  0.059344  0.007662  0.115761  0.247332  0.359840   1.000000  "
      ]
     },
     "execution_count": 58,
     "metadata": {},
     "output_type": "execute_result"
    }
   ],
   "source": [
    "data.corr()"
   ]
  },
  {
   "cell_type": "code",
   "execution_count": 59,
   "metadata": {},
   "outputs": [
    {
     "name": "stdout",
     "output_type": "stream",
     "text": [
      "              AGE          FG         FGA      THREEP     THREEPA          FT  \\\n",
      "count  257.000000  257.000000  257.000000  257.000000  257.000000  257.000000   \n",
      "mean    23.036501    1.918288    4.011673    0.190661    0.564202    0.856031   \n",
      "std      1.033505    1.853295    2.992807    0.412962    0.788567    1.424771   \n",
      "min     21.115068    0.000000    0.000000    0.000000    0.000000    0.000000   \n",
      "25%     22.263014    0.000000    2.000000    0.000000    0.000000    0.000000   \n",
      "50%     23.197260    1.000000    4.000000    0.000000    0.000000    0.000000   \n",
      "75%     24.115068    3.000000    6.000000    0.000000    1.000000    2.000000   \n",
      "max     24.545205    9.000000   14.000000    2.000000    4.000000    8.000000   \n",
      "\n",
      "              FTA         ORB         DRB         TRB         AST         STL  \\\n",
      "count  257.000000  257.000000  257.000000  257.000000  257.000000  257.000000   \n",
      "mean     1.167315    0.571984    3.007782    3.579767    1.727626    0.937743   \n",
      "std      1.754242    0.907689    2.374987    2.730481    1.680464    1.216751   \n",
      "min      0.000000    0.000000    0.000000    0.000000    0.000000    0.000000   \n",
      "25%      0.000000    0.000000    1.000000    1.000000    0.000000    0.000000   \n",
      "50%      0.000000    0.000000    3.000000    3.000000    1.000000    1.000000   \n",
      "75%      2.000000    1.000000    4.000000    5.000000    3.000000    1.000000   \n",
      "max      8.000000    5.000000   11.000000   12.000000   10.000000    5.000000   \n",
      "\n",
      "              BLK         TOV          PF         PTS        GmSc   PlusMinus  \n",
      "count  257.000000  257.000000  257.000000  257.000000  257.000000  257.000000  \n",
      "mean     0.474708    0.785992    1.175097    4.883268    5.243969    1.871595  \n",
      "std      0.729098    0.986688    1.105951    4.415216    5.052495    9.268723  \n",
      "min      0.000000    0.000000    0.000000    0.000000   -3.100000  -24.000000  \n",
      "25%      0.000000    0.000000    0.000000    2.000000    1.000000   -4.000000  \n",
      "50%      0.000000    0.000000    1.000000    4.000000    4.300000    1.000000  \n",
      "75%      1.000000    1.000000    2.000000    8.000000    8.700000    7.000000  \n",
      "max      4.000000    5.000000    4.000000   20.000000   20.400000   30.000000  \n"
     ]
    }
   ],
   "source": [
    "# descriptions\n",
    "print(data.describe())"
   ]
  },
  {
   "cell_type": "code",
   "execution_count": 64,
   "metadata": {},
   "outputs": [
    {
     "data": {
      "text/html": [
       "<table class=\"simpletable\">\n",
       "<caption>OLS Regression Results</caption>\n",
       "<tr>\n",
       "  <th>Dep. Variable:</th>        <td>PlusMinus</td>    <th>  R-squared:         </th> <td>   0.229</td>\n",
       "</tr>\n",
       "<tr>\n",
       "  <th>Model:</th>                   <td>OLS</td>       <th>  Adj. R-squared:    </th> <td>   0.184</td>\n",
       "</tr>\n",
       "<tr>\n",
       "  <th>Method:</th>             <td>Least Squares</td>  <th>  F-statistic:       </th> <td>   5.125</td>\n",
       "</tr>\n",
       "<tr>\n",
       "  <th>Date:</th>             <td>Tue, 18 Sep 2018</td> <th>  Prob (F-statistic):</th> <td>1.99e-08</td>\n",
       "</tr>\n",
       "<tr>\n",
       "  <th>Time:</th>                 <td>23:26:38</td>     <th>  Log-Likelihood:    </th> <td> -903.05</td>\n",
       "</tr>\n",
       "<tr>\n",
       "  <th>No. Observations:</th>      <td>   257</td>      <th>  AIC:               </th> <td>   1836.</td>\n",
       "</tr>\n",
       "<tr>\n",
       "  <th>Df Residuals:</th>          <td>   242</td>      <th>  BIC:               </th> <td>   1889.</td>\n",
       "</tr>\n",
       "<tr>\n",
       "  <th>Df Model:</th>              <td>    14</td>      <th>                     </th>     <td> </td>   \n",
       "</tr>\n",
       "<tr>\n",
       "  <th>Covariance Type:</th>      <td>nonrobust</td>    <th>                     </th>     <td> </td>   \n",
       "</tr>\n",
       "</table>\n",
       "<table class=\"simpletable\">\n",
       "<tr>\n",
       "      <td></td>         <th>coef</th>     <th>std err</th>      <th>t</th>      <th>P>|t|</th>  <th>[0.025</th>    <th>0.975]</th>  \n",
       "</tr>\n",
       "<tr>\n",
       "  <th>Intercept</th> <td>   18.9007</td> <td>   13.494</td> <td>    1.401</td> <td> 0.163</td> <td>   -7.680</td> <td>   45.482</td>\n",
       "</tr>\n",
       "<tr>\n",
       "  <th>AGE</th>       <td>   -0.8976</td> <td>    0.601</td> <td>   -1.494</td> <td> 0.136</td> <td>   -2.081</td> <td>    0.286</td>\n",
       "</tr>\n",
       "<tr>\n",
       "  <th>FG</th>        <td>   -0.8734</td> <td>    0.647</td> <td>   -1.351</td> <td> 0.178</td> <td>   -2.147</td> <td>    0.400</td>\n",
       "</tr>\n",
       "<tr>\n",
       "  <th>FGA</th>       <td>   -0.8904</td> <td>    0.365</td> <td>   -2.439</td> <td> 0.015</td> <td>   -1.610</td> <td>   -0.171</td>\n",
       "</tr>\n",
       "<tr>\n",
       "  <th>THREEP</th>    <td>    2.1565</td> <td>    1.546</td> <td>    1.395</td> <td> 0.164</td> <td>   -0.889</td> <td>    5.202</td>\n",
       "</tr>\n",
       "<tr>\n",
       "  <th>THREEPA</th>   <td>   -0.2297</td> <td>    0.955</td> <td>   -0.241</td> <td> 0.810</td> <td>   -2.110</td> <td>    1.651</td>\n",
       "</tr>\n",
       "<tr>\n",
       "  <th>FT</th>        <td>   -0.1022</td> <td>    0.921</td> <td>   -0.111</td> <td> 0.912</td> <td>   -1.917</td> <td>    1.713</td>\n",
       "</tr>\n",
       "<tr>\n",
       "  <th>FTA</th>       <td>   -0.1805</td> <td>    0.841</td> <td>   -0.215</td> <td> 0.830</td> <td>   -1.836</td> <td>    1.476</td>\n",
       "</tr>\n",
       "<tr>\n",
       "  <th>ORB</th>       <td>   -0.1586</td> <td>    0.646</td> <td>   -0.246</td> <td> 0.806</td> <td>   -1.430</td> <td>    1.113</td>\n",
       "</tr>\n",
       "<tr>\n",
       "  <th>DRB</th>       <td>    0.5722</td> <td>    0.291</td> <td>    1.964</td> <td> 0.051</td> <td>   -0.002</td> <td>    1.146</td>\n",
       "</tr>\n",
       "<tr>\n",
       "  <th>AST</th>       <td>    0.8664</td> <td>    0.401</td> <td>    2.163</td> <td> 0.032</td> <td>    0.077</td> <td>    1.655</td>\n",
       "</tr>\n",
       "<tr>\n",
       "  <th>STL</th>       <td>    0.0131</td> <td>    0.461</td> <td>    0.028</td> <td> 0.977</td> <td>   -0.894</td> <td>    0.920</td>\n",
       "</tr>\n",
       "<tr>\n",
       "  <th>BLK</th>       <td>   -0.9438</td> <td>    0.735</td> <td>   -1.283</td> <td> 0.201</td> <td>   -2.393</td> <td>    0.505</td>\n",
       "</tr>\n",
       "<tr>\n",
       "  <th>TOV</th>       <td>   -0.4440</td> <td>    0.511</td> <td>   -0.870</td> <td> 0.385</td> <td>   -1.450</td> <td>    0.562</td>\n",
       "</tr>\n",
       "<tr>\n",
       "  <th>PF</th>        <td>    0.6263</td> <td>    0.536</td> <td>    1.169</td> <td> 0.244</td> <td>   -0.429</td> <td>    1.682</td>\n",
       "</tr>\n",
       "<tr>\n",
       "  <th>PTS</th>       <td>    0.3076</td> <td>    0.319</td> <td>    0.964</td> <td> 0.336</td> <td>   -0.321</td> <td>    0.936</td>\n",
       "</tr>\n",
       "<tr>\n",
       "  <th>GmSc</th>      <td>    0.8260</td> <td>    0.231</td> <td>    3.583</td> <td> 0.000</td> <td>    0.372</td> <td>    1.280</td>\n",
       "</tr>\n",
       "</table>\n",
       "<table class=\"simpletable\">\n",
       "<tr>\n",
       "  <th>Omnibus:</th>       <td> 1.679</td> <th>  Durbin-Watson:     </th> <td>   1.899</td>\n",
       "</tr>\n",
       "<tr>\n",
       "  <th>Prob(Omnibus):</th> <td> 0.432</td> <th>  Jarque-Bera (JB):  </th> <td>   1.460</td>\n",
       "</tr>\n",
       "<tr>\n",
       "  <th>Skew:</th>          <td> 0.040</td> <th>  Prob(JB):          </th> <td>   0.482</td>\n",
       "</tr>\n",
       "<tr>\n",
