{
 "cells": [
  {
   "cell_type": "markdown",
   "metadata": {},
   "source": [
    "https://machinelearningmastery.com/machine-learning-in-python-step-by-step/\n",
    "\n"
   ]
  },
  {
   "cell_type": "code",
   "execution_count": 26,
   "metadata": {},
   "outputs": [
    {
     "name": "stdout",
     "output_type": "stream",
     "text": [
      "Python: 3.6.5 |Anaconda, Inc.| (default, Apr 29 2018, 16:28:17) \n",
      "[GCC 7.2.0]\n",
      "scipy: 1.1.0\n",
      "numpy: 1.14.3\n",
      "matplotlib: 2.2.2\n",
      "pandas: 0.23.0\n",
      "sklearn: 0.19.1\n"
     ]
    }
   ],
   "source": [
    "# Check the versions of libraries\n",
    " \n",
    "# Python version\n",
    "import sys\n",
    "print('Python: {}'.format(sys.version))\n",
    "# scipy\n",
    "import scipy\n",
    "print('scipy: {}'.format(scipy.__version__))\n",
    "# numpy\n",
    "import numpy as np\n",
    "print('numpy: {}'.format(np.__version__))\n",
    "# matplotlib\n",
    "import matplotlib\n",
    "print('matplotlib: {}'.format(matplotlib.__version__))\n",
    "# pandas\n",
    "import pandas as pd\n",
    "print('pandas: {}'.format(pd.__version__))\n",
    "# scikit-learn\n",
    "import sklearn\n",
    "print('sklearn: {}'.format(sklearn.__version__))\n",
    "\n",
    "import statsmodels.formula.api as smf\n",
    "import statsmodels.stats.api as sms\n",
    "from scipy import stats\n",
    "from statsmodels.compat import lzip\n",
    "import statsmodels\n",
    "import matplotlib.pyplot as plt\n",
    "\n",
    "%matplotlib inline\n",
    "import matplotlib.pyplot as plt\n",
    "\n",
    "from sklearn.ensemble import RandomForestRegressor\n",
    "\n",
    "from sklearn.model_selection import cross_val_score\n",
    "from sklearn import metrics\n",
    "\n",
    "%matplotlib inline\n",
    "import seaborn\n",
    "\n",
    "# Load libraries\n",
    "\n",
    "from pandas.plotting import scatter_matrix\n",
    "from sklearn import model_selection\n",
    "from sklearn.metrics import classification_report\n",
    "from sklearn.metrics import confusion_matrix\n",
    "from sklearn.metrics import accuracy_score\n",
    "from sklearn.linear_model import LogisticRegression\n",
    "from sklearn.tree import DecisionTreeClassifier\n",
    "from sklearn.neighbors import KNeighborsClassifier\n",
    "from sklearn.discriminant_analysis import LinearDiscriminantAnalysis\n",
    "from sklearn.naive_bayes import GaussianNB\n",
    "from sklearn.svm import SVC"
   ]
  },
  {
   "cell_type": "code",
   "execution_count": 27,
   "metadata": {},
   "outputs": [
    {
     "data": {
      "text/plain": [
       "<bound method NDFrame.head of            AGE  FG  FGA  THREEP  THREEPA  FT  FTA  ORB  DRB  TRB  AST  STL  \\\n",
       "0    21.115068   1    8       0        2   2    3    0    8    8    4    2   \n",
       "1    21.126027   0    0       0        0   0    0    0    0    0    0    0   \n",
       "2    21.128767   0    2       0        0   0    0    0    1    1    0    0   \n",
       "3    21.136986   0    4       0        2   0    0    0    3    3    1    0   \n",
       "4    21.145205   1    7       0        1   0    0    0    3    3    0    0   \n",
       "5    21.156164   0    2       0        0   0    0    0    2    2    1    0   \n",
       "6    21.158904   0    0       0        0   0    0    0    0    0    1    0   \n",
       "7    21.180822   0    1       0        0   0    0    0    1    1    0    1   \n",
       "8    21.183562   0    0       0        0   0    0    0    0    0    0    0   \n",
       "9    21.197260   1    3       0        0   1    2    0    5    5    1    0   \n",
       "10   21.208219   4    5       1        2   0    0    1    4    5    3    2   \n",
       "11   21.213699   3    6       0        0   0    0    0    4    4    3    0   \n",
       "12   21.219178   0    0       0        0   0    0    0    0    0    0    0   \n",
       "13   21.221918   6    7       0        0   3    5    0    5    5    1    0   \n",
       "14   21.227397   1    3       0        0   1    1    0    1    1    1    0   \n",
       "15   21.232877   1    7       0        0   0    1    2    7    9    1    3   \n",
       "16   21.235616   4    8       1        1   2    2    0    8    8    0    2   \n",
       "17   21.241096   2    4       1        2   0    0    0    3    3    1    0   \n",
       "18   21.249315   0    1       0        1   0    0    0    0    0    0    0   \n",
       "19   21.252055   0    4       0        0   0    0    0    3    3    1    0   \n",
       "20   21.263014   2    2       0        0   0    0    0    0    0    1    0   \n",
       "21   21.265753   2    3       0        0   0    0    0    2    2    2    1   \n",
       "22   21.273973   1    3       0        0   0    0    0    1    1    3    1   \n",
       "23   21.290411   0    0       0        0   0    0    0    0    0    2    1   \n",
       "24   21.293151   0    0       0        0   0    0    0    1    1    0    0   \n",
       "25   21.301370   0    0       0        0   0    0    1    0    1    1    0   \n",
       "26   21.309589   0    1       0        0   0    0    1    1    2    0    0   \n",
       "27   21.476712   0    1       0        0   0    0    0    0    0    0    0   \n",
       "28   21.482192   0    0       0        0   0    0    0    0    0    0    0   \n",
       "29   21.487671   1    2       0        0   0    0    0    1    1    0    0   \n",
       "..         ...  ..  ...     ...      ...  ..  ...  ...  ...  ...  ...  ...   \n",
       "227  24.350685   9   12       0        0   0    0    1    3    4    5    1   \n",
       "228  24.356164   3    7       0        2   1    1    0    4    4    2    1   \n",
       "229  24.361644   4    6       0        1   0    0    1    2    3    1    3   \n",
       "230  24.372603   0    2       0        0   0    0    0    5    5    4    0   \n",
       "231  24.380822   9   13       0        1   2    5    3    3    6    4    3   \n",
       "232  24.386301   5   12       0        3   6    8    1    4    5    3    0   \n",
       "233  24.389041   1    3       0        0   0    2    0    2    2    2    0   \n",
       "234  24.416438   3    4       0        1   2    4    1    2    3    3    1   \n",
       "235  24.421918   4    7       0        0   2    4    1    5    6    4    2   \n",
       "236  24.430137   2    6       0        0   0    0    4    4    8    2    1   \n",
       "237  24.438356   4    4       0        0   0    0    1    3    4    5    2   \n",
       "238  24.443836   3    5       0        0   5    7    0    2    2    4    5   \n",
       "239  24.452055   5   12       0        1   2    2    2    9   11    4    5   \n",
       "240  24.457534   3    7       0        2   0    2    0    4    4    2    2   \n",
       "241  24.463014   2    6       0        2   2    4    1    0    1    1    0   \n",
       "242  24.465753   2    2       1        1   0    0    2    4    6    4    2   \n",
       "243  24.471233   2    5       0        1   2    2    0    5    5    4    3   \n",
       "244  24.476712   1    1       1        1   0    0    0    3    3    0    2   \n",
       "245  24.482192   0    2       0        2   0    0    3    7   10    4    1   \n",
       "246  24.487671   7    8       1        1   1    2    3    1    4    4    0   \n",
       "247  24.493151   2    5       1        1   0    0    0    7    7    3    4   \n",
       "248  24.498630   3    6       0        0   0    0    3    3    6    0    1   \n",
       "249  24.504110   3    4       0        0   1    2    1    2    3    2    1   \n",
       "250  24.509589   4    4       1        1   1    2    0    0    0    2    2   \n",
       "251  24.517808   2    4       0        1   1    2    0    1    1    5    2   \n",
       "252  24.523288   3    5       1        1   0    1    2    4    6    2    0   \n",
       "253  24.526027   4   10       1        3   0    0    1    3    4    1    3   \n",
       "254  24.534247   3    4       0        0   1    1    2    3    5    3    2   \n",
       "255  24.539726   2    4       0        1   4    6    0    5    5    2    2   \n",
       "256  24.545205   4    7       1        1   1    1    0    0    0    2    2   \n",
       "\n",
       "     BLK  TOV  PF  PTS  PlusMinus  PositivePlus         MP  \n",
       "0      0    0   3    4         -4             0  31.233333  \n",
       "1      0    0   0    0          3             1   7.400000  \n",
       "2      1    0   1    0         -1             0   6.950000  \n",
       "3      0    0   0    0        -12             0  10.533333  \n",
       "4      1    1   3    2         -4             0  21.233333  \n",
       "5      1    0   1    0          0             0  12.000000  \n",
       "6      0    0   0    0         -3             0   2.500000  \n",
       "7      0    0   0    0          3             1   4.316667  \n",
       "8      1    0   0    0          6             1   4.550000  \n",
       "9      1    1   2    3         -4             0  18.266667  \n",
       "10     0    0   0    9          7             1  23.116667  \n",
       "11     0    0   1    6          5             1  21.000000  \n",
       "12     0    0   0    0         -1             0   0.950000  \n",
       "13     1    1   2   15        -15             0  20.116667  \n",
       "14     1    0   0    3         -4             0  13.316667  \n",
       "15     0    0   3    2          6             1  34.233333  \n",
       "16     0    2   4   11         11             1  31.150000  \n",
       "17     0    0   1    5         -7             0   9.966667  \n",
       "18     0    0   1    0         -2             0   8.116667  \n",
       "19     0    1   0    0          3             1   9.483333  \n",
       "20     0    0   2    4          3             1  12.000000  \n",
       "21     0    2   1    4        -10             0  18.316667  \n",
       "22     0    0   1    2         -6             0   9.383333  \n",
       "23     0    2   0    0          6             1   3.350000  \n",
       "24     0    0   0    0          1             1   2.483333  \n",
       "25     0    0   0    0          1             1   0.616667  \n",
       "26     0    0   0    0         -5             0   2.433333  \n",
       "27     0    0   0    0         -3             0   1.200000  \n",
       "28     0    0   0    0         -2             0   1.283333  \n",
       "29     0    0   0    2         -2             0   3.333333  \n",
       "..   ...  ...  ..  ...        ...           ...        ...  \n",
       "227    2    1   0   18          5             1  34.500000  \n",
       "228    1    0   1    7         -9             0  29.750000  \n",
       "229    0    1   1    8        -12             0  20.416667  \n",
       "230    0    0   1    0         22             1  19.383333  \n",
       "231    2    4   2   20          2             1  30.350000  \n",
       "232    1    4   2   16        -14             0  34.616667  \n",
       "233    2    2   2    2        -24             0  21.466667  \n",
       "234    0    0   2    8          8             1  28.483333  \n",
       "235    3    0   2   10          8             1  29.533333  \n",
       "236    1    0   1    4         -7             0  27.900000  \n",
       "237    0    1   0    8          8             1  21.816667  \n",
       "238    0    2   1   11         -4             0  25.783333  \n",
       "239    0    1   4   12         -2             0  33.450000  \n",
       "240    0    2   1    6         -8             0  25.850000  \n",
       "241    0    0   2    6        -17             0  14.666667  \n",
       "242    1    3   2    5         28             1  22.033333  \n",
       "243    2    0   1    6         -5             0  33.983333  \n",
       "244    0    0   1    3        -14             0  13.616667  \n",
       "245    0    2   1    0         30             1  22.566667  \n",
       "246    1    3   3   16         24             1  29.500000  \n",
       "247    1    3   0    5          2             1  25.483333  \n",
       "248    0    2   0    6         -2             0  24.216667  \n",
       "249    1    0   2    7          3             1  18.716667  \n",
       "250    0    0   4   10          7             1  23.250000  \n",
       "251    1    0   0    5          6             1  25.783333  \n",
       "252    4    1   2    7          2             1  29.316667  \n",
       "253    1    1   3    9        -13             0  33.166667  \n",
       "254    1    0   2    7         12             1  28.450000  \n",
       "255    1    0   2    8          6             1  25.783333  \n",
       "256    0    0   1   10        -11             0  17.950000  \n",
       "\n",
       "[257 rows x 19 columns]>"
      ]
     },
     "execution_count": 27,
     "metadata": {},
     "output_type": "execute_result"
    }
   ],
   "source": [
    "# read CSV of single game data\n",
    "\n",
    "data = pd.read_csv('anderson game log.csv', header=0)\n",
    "data = data.dropna()\n",
    "data.head"
   ]
  },
  {
   "cell_type": "code",
   "execution_count": 30,
   "metadata": {},
   "outputs": [
    {
     "name": "stdout",
     "output_type": "stream",
     "text": [
      "Index(['AGE', 'FG', 'FGA', 'THREEP', 'THREEPA', 'FT', 'FTA', 'ORB', 'DRB',\n",
      "       'TRB', 'AST', 'STL', 'BLK', 'TOV', 'PF', 'PTS', 'PlusMinus',\n",
      "       'PositivePlus', 'MP'],\n",
      "      dtype='object')\n"
     ]
    }
   ],
   "source": [
    "# Look at the variable names \n",
    "\n",
    "variablenames = data.keys()\n",
    "print (variablenames)"
   ]
  },
  {
   "cell_type": "code",
   "execution_count": 31,
   "metadata": {},
   "outputs": [
    {
     "name": "stdout",
     "output_type": "stream",
     "text": [
      "              AGE          FG         FGA      THREEP     THREEPA          FT  \\\n",
      "count  257.000000  257.000000  257.000000  257.000000  257.000000  257.000000   \n",
      "mean    23.036501    1.918288    4.011673    0.190661    0.564202    0.856031   \n",
      "std      1.033505    1.853295    2.992807    0.412962    0.788567    1.424771   \n",
      "min     21.115068    0.000000    0.000000    0.000000    0.000000    0.000000   \n",
      "25%     22.263014    0.000000    2.000000    0.000000    0.000000    0.000000   \n",
      "50%     23.197260    1.000000    4.000000    0.000000    0.000000    0.000000   \n",
      "75%     24.115068    3.000000    6.000000    0.000000    1.000000    2.000000   \n",
      "max     24.545205    9.000000   14.000000    2.000000    4.000000    8.000000   \n",
      "\n",
      "              FTA         ORB         DRB         TRB         AST         STL  \\\n",
      "count  257.000000  257.000000  257.000000  257.000000  257.000000  257.000000   \n",
      "mean     1.167315    0.571984    3.007782    3.579767    1.727626    0.937743   \n",
      "std      1.754242    0.907689    2.374987    2.730481    1.680464    1.216751   \n",
      "min      0.000000    0.000000    0.000000    0.000000    0.000000    0.000000   \n",
      "25%      0.000000    0.000000    1.000000    1.000000    0.000000    0.000000   \n",
      "50%      0.000000    0.000000    3.000000    3.000000    1.000000    1.000000   \n",
      "75%      2.000000    1.000000    4.000000    5.000000    3.000000    1.000000   \n",
      "max      8.000000    5.000000   11.000000   12.000000   10.000000    5.000000   \n",
      "\n",
      "              BLK         TOV          PF         PTS   PlusMinus  \\\n",
      "count  257.000000  257.000000  257.000000  257.000000  257.000000   \n",
      "mean     0.474708    0.785992    1.175097    4.883268    1.871595   \n",
      "std      0.729098    0.986688    1.105951    4.415216    9.268723   \n",
      "min      0.000000    0.000000    0.000000    0.000000  -24.000000   \n",
      "25%      0.000000    0.000000    0.000000    2.000000   -4.000000   \n",
      "50%      0.000000    0.000000    1.000000    4.000000    1.000000   \n",
      "75%      1.000000    1.000000    2.000000    8.000000    7.000000   \n",
      "max      4.000000    5.000000    4.000000   20.000000   30.000000   \n",
      "\n",
      "       PositivePlus          MP  \n",
      "count    257.000000  257.000000  \n",
      "mean       0.544747   17.905772  \n",
      "std        0.498965    9.966043  \n",
      "min        0.000000    0.183333  \n",
      "25%        0.000000    9.383333  \n",
      "50%        1.000000   18.283333  \n",
      "75%        1.000000   25.850000  \n",
      "max        1.000000   37.933333  \n"
     ]
    }
   ],
   "source": [
    "# descriptions\n",
    "print(data.describe())"
   ]
  },
  {
   "cell_type": "code",
   "execution_count": 32,
   "metadata": {},
   "outputs": [
    {
     "data": {
      "text/html": [
       "<div>\n",
       "<style scoped>\n",
       "    .dataframe tbody tr th:only-of-type {\n",
       "        vertical-align: middle;\n",
       "    }\n",
       "\n",
       "    .dataframe tbody tr th {\n",
       "        vertical-align: top;\n",
       "    }\n",
       "\n",
       "    .dataframe thead th {\n",
       "        text-align: right;\n",
       "    }\n",
       "</style>\n",
       "<table border=\"1\" class=\"dataframe\">\n",
       "  <thead>\n",
       "    <tr style=\"text-align: right;\">\n",
       "      <th></th>\n",
       "      <th>AGE</th>\n",
       "      <th>FG</th>\n",
       "      <th>FGA</th>\n",
       "      <th>THREEP</th>\n",
       "      <th>THREEPA</th>\n",
       "      <th>FT</th>\n",
       "      <th>FTA</th>\n",
       "      <th>ORB</th>\n",
       "      <th>DRB</th>\n",
       "      <th>TRB</th>\n",
       "      <th>AST</th>\n",
       "      <th>STL</th>\n",
       "      <th>BLK</th>\n",
       "      <th>TOV</th>\n",
       "      <th>PF</th>\n",
       "      <th>PTS</th>\n",
       "      <th>PlusMinus</th>\n",
       "      <th>PositivePlus</th>\n",
       "      <th>MP</th>\n",
       "    </tr>\n",
       "  </thead>\n",
       "  <tbody>\n",
       "    <tr>\n",
       "      <th>AGE</th>\n",
       "      <td>1.000000</td>\n",
       "      <td>0.352525</td>\n",
       "      <td>0.324645</td>\n",
       "      <td>0.143786</td>\n",
       "      <td>0.198118</td>\n",
       "      <td>0.220057</td>\n",
       "      <td>0.250685</td>\n",
       "      <td>0.372895</td>\n",
       "      <td>0.277790</td>\n",
       "      <td>0.365584</td>\n",
       "      <td>0.341646</td>\n",
       "      <td>0.307458</td>\n",
       "      <td>0.257473</td>\n",
       "      <td>0.275266</td>\n",
       "      <td>0.165132</td>\n",
       "      <td>0.380406</td>\n",
       "      <td>0.064775</td>\n",
       "      <td>0.065949</td>\n",
       "      <td>0.494517</td>\n",
       "    </tr>\n",
       "    <tr>\n",
       "      <th>FG</th>\n",
       "      <td>0.352525</td>\n",
       "      <td>1.000000</td>\n",
       "      <td>0.838953</td>\n",
       "      <td>0.301152</td>\n",
       "      <td>0.274899</td>\n",
       "      <td>0.248496</td>\n",
       "      <td>0.303397</td>\n",
       "      <td>0.352984</td>\n",
       "      <td>0.422581</td>\n",
       "      <td>0.484905</td>\n",
       "      <td>0.463172</td>\n",
       "      <td>0.373636</td>\n",
       "      <td>0.260089</td>\n",
       "      <td>0.334323</td>\n",
       "      <td>0.332901</td>\n",
       "      <td>0.947860</td>\n",
       "      <td>0.197909</td>\n",
       "      <td>0.162377</td>\n",
       "      <td>0.657175</td>\n",
       "    </tr>\n",
       "    <tr>\n",
       "      <th>FGA</th>\n",
       "      <td>0.324645</td>\n",
       "      <td>0.838953</td>\n",
       "      <td>1.000000</td>\n",
       "      <td>0.273166</td>\n",
       "      <td>0.439129</td>\n",
       "      <td>0.277054</td>\n",
       "      <td>0.335185</td>\n",
       "      <td>0.433232</td>\n",
       "      <td>0.519877</td>\n",
       "      <td>0.596210</td>\n",
       "      <td>0.493838</td>\n",
       "      <td>0.401391</td>\n",
       "      <td>0.285669</td>\n",
       "      <td>0.302453</td>\n",
       "      <td>0.369954</td>\n",
       "      <td>0.819258</td>\n",
       "      <td>0.104120</td>\n",
       "      <td>0.082048</td>\n",
       "      <td>0.760958</td>\n",
       "    </tr>\n",
       "    <tr>\n",
       "      <th>THREEP</th>\n",
       "      <td>0.143786</td>\n",
       "      <td>0.301152</td>\n",
       "      <td>0.273166</td>\n",
       "      <td>1.000000</td>\n",
       "      <td>0.592017</td>\n",
       "      <td>0.007001</td>\n",
       "      <td>-0.028031</td>\n",
       "      <td>0.083085</td>\n",
       "      <td>0.221518</td>\n",
       "      <td>0.220298</td>\n",
       "      <td>0.215846</td>\n",
       "      <td>0.218067</td>\n",
       "      <td>0.165276</td>\n",
       "      <td>0.043010</td>\n",
       "      <td>0.106229</td>\n",
       "      <td>0.348609</td>\n",
       "      <td>0.222776</td>\n",
       "      <td>0.138529</td>\n",
       "      <td>0.304198</td>\n",
       "    </tr>\n",
       "    <tr>\n",
       "      <th>THREEPA</th>\n",
       "      <td>0.198118</td>\n",
       "      <td>0.274899</td>\n",
       "      <td>0.439129</td>\n",
       "      <td>0.592017</td>\n",
       "      <td>1.000000</td>\n",
       "      <td>0.117777</td>\n",
       "      <td>0.115039</td>\n",
       "      <td>0.131317</td>\n",
       "      <td>0.281307</td>\n",
       "      <td>0.288336</td>\n",
       "      <td>0.322762</td>\n",
       "      <td>0.248452</td>\n",
       "      <td>0.170991</td>\n",
       "      <td>0.150769</td>\n",
       "      <td>0.123670</td>\n",
       "      <td>0.324157</td>\n",
       "      <td>0.102944</td>\n",
       "      <td>0.049755</td>\n",
       "      <td>0.384747</td>\n",
       "    </tr>\n",
       "    <tr>\n",
       "      <th>FT</th>\n",
       "      <td>0.220057</td>\n",
       "      <td>0.248496</td>\n",
       "      <td>0.277054</td>\n",
       "      <td>0.007001</td>\n",
       "      <td>0.117777</td>\n",
       "      <td>1.000000</td>\n",
       "      <td>0.933337</td>\n",
       "      <td>0.103190</td>\n",
       "      <td>0.287776</td>\n",
       "      <td>0.284613</td>\n",
       "      <td>0.287016</td>\n",
       "      <td>0.166058</td>\n",
       "      <td>0.107412</td>\n",
       "      <td>0.183618</td>\n",
       "      <td>0.189592</td>\n",
       "      <td>0.531964</td>\n",
       "      <td>0.187018</td>\n",
       "      <td>0.110749</td>\n",
       "      <td>0.392765</td>\n",
       "    </tr>\n",
       "    <tr>\n",
       "      <th>FTA</th>\n",
       "      <td>0.250685</td>\n",
       "      <td>0.303397</td>\n",
       "      <td>0.335185</td>\n",
       "      <td>-0.028031</td>\n",
       "      <td>0.115039</td>\n",
       "      <td>0.933337</td>\n",
       "      <td>1.000000</td>\n",
       "      <td>0.128559</td>\n",
       "      <td>0.287524</td>\n",
       "      <td>0.292827</td>\n",
       "      <td>0.305711</td>\n",
       "      <td>0.175096</td>\n",
       "      <td>0.157554</td>\n",
       "      <td>0.183256</td>\n",
       "      <td>0.230478</td>\n",
       "      <td>0.553265</td>\n",
       "      <td>0.156764</td>\n",
       "      <td>0.114138</td>\n",
       "      <td>0.430266</td>\n",
       "    </tr>\n",
       "    <tr>\n",
       "      <th>ORB</th>\n",
       "      <td>0.372895</td>\n",
       "      <td>0.352984</td>\n",
       "      <td>0.433232</td>\n",
       "      <td>0.083085</td>\n",
       "      <td>0.131317</td>\n",
       "      <td>0.103190</td>\n",
       "      <td>0.128559</td>\n",
       "      <td>1.000000</td>\n",
       "      <td>0.229865</td>\n",
       "      <td>0.532366</td>\n",
       "      <td>0.302287</td>\n",
       "      <td>0.145549</td>\n",
       "      <td>0.255094</td>\n",
       "      <td>0.211358</td>\n",
       "      <td>0.117751</td>\n",
       "      <td>0.337402</td>\n",
       "      <td>0.050551</td>\n",
       "      <td>-0.017921</td>\n",
       "      <td>0.426708</td>\n",
       "    </tr>\n",
       "    <tr>\n",
       "      <th>DRB</th>\n",
       "      <td>0.277790</td>\n",
       "      <td>0.422581</td>\n",
       "      <td>0.519877</td>\n",
       "      <td>0.221518</td>\n",
       "      <td>0.281307</td>\n",
       "      <td>0.287776</td>\n",
       "      <td>0.287524</td>\n",
       "      <td>0.229865</td>\n",
       "      <td>1.000000</td>\n",
       "      <td>0.946219</td>\n",
       "      <td>0.398882</td>\n",
       "      <td>0.413804</td>\n",
       "      <td>0.252771</td>\n",
       "      <td>0.270757</td>\n",
       "      <td>0.375735</td>\n",
       "      <td>0.468342</td>\n",
       "      <td>0.269771</td>\n",
       "      <td>0.167817</td>\n",
       "      <td>0.698509</td>\n",
       "    </tr>\n",
       "    <tr>\n",
       "      <th>TRB</th>\n",
       "      <td>0.365584</td>\n",
       "      <td>0.484905</td>\n",
       "      <td>0.596210</td>\n",
       "      <td>0.220298</td>\n",
       "      <td>0.288336</td>\n",
       "      <td>0.284613</td>\n",
       "      <td>0.292827</td>\n",
       "      <td>0.532366</td>\n",
       "      <td>0.946219</td>\n",
       "      <td>1.000000</td>\n",
       "      <td>0.447439</td>\n",
       "      <td>0.408314</td>\n",
       "      <td>0.304662</td>\n",
       "      <td>0.305767</td>\n",
       "      <td>0.365960</td>\n",
       "      <td>0.519528</td>\n",
       "      <td>0.251453</td>\n",
       "      <td>0.140011</td>\n",
       "      <td>0.749416</td>\n",
       "    </tr>\n",
       "    <tr>\n",
       "      <th>AST</th>\n",
       "      <td>0.341646</td>\n",
       "      <td>0.463172</td>\n",
       "      <td>0.493838</td>\n",
       "      <td>0.215846</td>\n",
       "      <td>0.322762</td>\n",
       "      <td>0.287016</td>\n",
       "      <td>0.305711</td>\n",
       "      <td>0.302287</td>\n",
       "      <td>0.398882</td>\n",
       "      <td>0.447439</td>\n",
       "      <td>1.000000</td>\n",
       "      <td>0.316446</td>\n",
       "      <td>0.249411</td>\n",
       "      <td>0.285106</td>\n",
       "      <td>0.191805</td>\n",
       "      <td>0.501642</td>\n",
       "      <td>0.301202</td>\n",
       "      <td>0.224232</td>\n",
       "      <td>0.627369</td>\n",
       "    </tr>\n",
       "    <tr>\n",
       "      <th>STL</th>\n",
       "      <td>0.307458</td>\n",
       "      <td>0.373636</td>\n",
       "      <td>0.401391</td>\n",
       "      <td>0.218067</td>\n",
       "      <td>0.248452</td>\n",
       "      <td>0.166058</td>\n",
       "      <td>0.175096</td>\n",
       "      <td>0.145549</td>\n",
       "      <td>0.413804</td>\n",
       "      <td>0.408314</td>\n",
       "      <td>0.316446</td>\n",
       "      <td>1.000000</td>\n",
       "      <td>0.134718</td>\n",
       "      <td>0.278439</td>\n",
       "      <td>0.254873</td>\n",
       "      <td>0.387651</td>\n",
       "      <td>0.206070</td>\n",
       "      <td>0.159025</td>\n",
       "      <td>0.498440</td>\n",
       "    </tr>\n",
       "    <tr>\n",
       "      <th>BLK</th>\n",
       "      <td>0.257473</td>\n",
       "      <td>0.260089</td>\n",
       "      <td>0.285669</td>\n",
       "      <td>0.165276</td>\n",
       "      <td>0.170991</td>\n",
       "      <td>0.107412</td>\n",
       "      <td>0.157554</td>\n",
       "      <td>0.255094</td>\n",
       "      <td>0.252771</td>\n",
       "      <td>0.304662</td>\n",
       "      <td>0.249411</td>\n",
       "      <td>0.134718</td>\n",
       "      <td>1.000000</td>\n",
       "      <td>0.141770</td>\n",
       "      <td>0.196866</td>\n",
       "      <td>0.268465</td>\n",
       "      <td>0.059344</td>\n",
       "      <td>0.080970</td>\n",
       "      <td>0.375576</td>\n",
       "    </tr>\n",
       "    <tr>\n",
       "      <th>TOV</th>\n",
       "      <td>0.275266</td>\n",
       "      <td>0.334323</td>\n",
       "      <td>0.302453</td>\n",
       "      <td>0.043010</td>\n",
       "      <td>0.150769</td>\n",
       "      <td>0.183618</td>\n",
       "      <td>0.183256</td>\n",
       "      <td>0.211358</td>\n",
       "      <td>0.270757</td>\n",
       "      <td>0.305767</td>\n",
       "      <td>0.285106</td>\n",
       "      <td>0.278439</td>\n",
       "      <td>0.141770</td>\n",
       "      <td>1.000000</td>\n",
       "      <td>0.217037</td>\n",
       "      <td>0.343941</td>\n",
       "      <td>0.007662</td>\n",
       "      <td>-0.016177</td>\n",
       "      <td>0.440981</td>\n",
       "    </tr>\n",
       "    <tr>\n",
       "      <th>PF</th>\n",
       "      <td>0.165132</td>\n",
       "      <td>0.332901</td>\n",
       "      <td>0.369954</td>\n",
       "      <td>0.106229</td>\n",
       "      <td>0.123670</td>\n",
       "      <td>0.189592</td>\n",
       "      <td>0.230478</td>\n",
       "      <td>0.117751</td>\n",
       "      <td>0.375735</td>\n",
       "      <td>0.365960</td>\n",
       "      <td>0.191805</td>\n",
       "      <td>0.254873</td>\n",
       "      <td>0.196866</td>\n",
       "      <td>0.217037</td>\n",
       "      <td>1.000000</td>\n",
       "      <td>0.350588</td>\n",
       "      <td>0.115761</td>\n",
       "      <td>0.060073</td>\n",
       "      <td>0.463607</td>\n",
       "    </tr>\n",
       "    <tr>\n",
       "      <th>PTS</th>\n",
       "      <td>0.380406</td>\n",
       "      <td>0.947860</td>\n",
       "      <td>0.819258</td>\n",
       "      <td>0.348609</td>\n",
       "      <td>0.324157</td>\n",
       "      <td>0.531964</td>\n",
       "      <td>0.553265</td>\n",
       "      <td>0.337402</td>\n",
       "      <td>0.468342</td>\n",
       "      <td>0.519528</td>\n",
       "      <td>0.501642</td>\n",
       "      <td>0.387651</td>\n",
       "      <td>0.268465</td>\n",
       "      <td>0.343941</td>\n",
       "      <td>0.350588</td>\n",
       "      <td>1.000000</td>\n",
       "      <td>0.247332</td>\n",
       "      <td>0.185011</td>\n",
       "      <td>0.706897</td>\n",
       "    </tr>\n",
       "    <tr>\n",
       "      <th>PlusMinus</th>\n",
       "      <td>0.064775</td>\n",
       "      <td>0.197909</td>\n",
       "      <td>0.104120</td>\n",
       "      <td>0.222776</td>\n",
       "      <td>0.102944</td>\n",
       "      <td>0.187018</td>\n",
       "      <td>0.156764</td>\n",
       "      <td>0.050551</td>\n",
       "      <td>0.269771</td>\n",
       "      <td>0.251453</td>\n",
       "      <td>0.301202</td>\n",
       "      <td>0.206070</td>\n",
       "      <td>0.059344</td>\n",
       "      <td>0.007662</td>\n",
       "      <td>0.115761</td>\n",
       "      <td>0.247332</td>\n",
       "      <td>1.000000</td>\n",
       "      <td>0.762687</td>\n",
       "      <td>0.247521</td>\n",
       "    </tr>\n",
       "    <tr>\n",
       "      <th>PositivePlus</th>\n",
       "      <td>0.065949</td>\n",
       "      <td>0.162377</td>\n",
       "      <td>0.082048</td>\n",
       "      <td>0.138529</td>\n",
       "      <td>0.049755</td>\n",
       "      <td>0.110749</td>\n",
       "      <td>0.114138</td>\n",
       "      <td>-0.017921</td>\n",
       "      <td>0.167817</td>\n",
       "      <td>0.140011</td>\n",
       "      <td>0.224232</td>\n",
       "      <td>0.159025</td>\n",
       "      <td>0.080970</td>\n",
       "      <td>-0.016177</td>\n",
       "      <td>0.060073</td>\n",
       "      <td>0.185011</td>\n",
       "      <td>0.762687</td>\n",
       "      <td>1.000000</td>\n",
       "      <td>0.182029</td>\n",
       "    </tr>\n",
       "    <tr>\n",
       "      <th>MP</th>\n",
       "      <td>0.494517</td>\n",
       "      <td>0.657175</td>\n",
       "      <td>0.760958</td>\n",
       "      <td>0.304198</td>\n",
       "      <td>0.384747</td>\n",
       "      <td>0.392765</td>\n",
       "      <td>0.430266</td>\n",
       "      <td>0.426708</td>\n",
       "      <td>0.698509</td>\n",
       "      <td>0.749416</td>\n",
       "      <td>0.627369</td>\n",
       "      <td>0.498440</td>\n",
       "      <td>0.375576</td>\n",
       "      <td>0.440981</td>\n",
       "      <td>0.463607</td>\n",
       "      <td>0.706897</td>\n",
       "      <td>0.247521</td>\n",
       "      <td>0.182029</td>\n",
       "      <td>1.000000</td>\n",
       "    </tr>\n",
       "  </tbody>\n",
       "</table>\n",
       "</div>"
      ],
      "text/plain": [
       "                   AGE        FG       FGA    THREEP   THREEPA        FT  \\\n",
       "AGE           1.000000  0.352525  0.324645  0.143786  0.198118  0.220057   \n",
       "FG            0.352525  1.000000  0.838953  0.301152  0.274899  0.248496   \n",
       "FGA           0.324645  0.838953  1.000000  0.273166  0.439129  0.277054   \n",
       "THREEP        0.143786  0.301152  0.273166  1.000000  0.592017  0.007001   \n",
       "THREEPA       0.198118  0.274899  0.439129  0.592017  1.000000  0.117777   \n",
       "FT            0.220057  0.248496  0.277054  0.007001  0.117777  1.000000   \n",
       "FTA           0.250685  0.303397  0.335185 -0.028031  0.115039  0.933337   \n",
       "ORB           0.372895  0.352984  0.433232  0.083085  0.131317  0.103190   \n",
       "DRB           0.277790  0.422581  0.519877  0.221518  0.281307  0.287776   \n",
       "TRB           0.365584  0.484905  0.596210  0.220298  0.288336  0.284613   \n",
       "AST           0.341646  0.463172  0.493838  0.215846  0.322762  0.287016   \n",
       "STL           0.307458  0.373636  0.401391  0.218067  0.248452  0.166058   \n",
       "BLK           0.257473  0.260089  0.285669  0.165276  0.170991  0.107412   \n",
       "TOV           0.275266  0.334323  0.302453  0.043010  0.150769  0.183618   \n",
       "PF            0.165132  0.332901  0.369954  0.106229  0.123670  0.189592   \n",
       "PTS           0.380406  0.947860  0.819258  0.348609  0.324157  0.531964   \n",
       "PlusMinus     0.064775  0.197909  0.104120  0.222776  0.102944  0.187018   \n",
       "PositivePlus  0.065949  0.162377  0.082048  0.138529  0.049755  0.110749   \n",
       "MP            0.494517  0.657175  0.760958  0.304198  0.384747  0.392765   \n",
       "\n",
       "                   FTA       ORB       DRB       TRB       AST       STL  \\\n",
       "AGE           0.250685  0.372895  0.277790  0.365584  0.341646  0.307458   \n",
       "FG            0.303397  0.352984  0.422581  0.484905  0.463172  0.373636   \n",
       "FGA           0.335185  0.433232  0.519877  0.596210  0.493838  0.401391   \n",
       "THREEP       -0.028031  0.083085  0.221518  0.220298  0.215846  0.218067   \n",
       "THREEPA       0.115039  0.131317  0.281307  0.288336  0.322762  0.248452   \n",
       "FT            0.933337  0.103190  0.287776  0.284613  0.287016  0.166058   \n",
       "FTA           1.000000  0.128559  0.287524  0.292827  0.305711  0.175096   \n",
       "ORB           0.128559  1.000000  0.229865  0.532366  0.302287  0.145549   \n",
       "DRB           0.287524  0.229865  1.000000  0.946219  0.398882  0.413804   \n",
       "TRB           0.292827  0.532366  0.946219  1.000000  0.447439  0.408314   \n",
       "AST           0.305711  0.302287  0.398882  0.447439  1.000000  0.316446   \n",
       "STL           0.175096  0.145549  0.413804  0.408314  0.316446  1.000000   \n",
       "BLK           0.157554  0.255094  0.252771  0.304662  0.249411  0.134718   \n",
       "TOV           0.183256  0.211358  0.270757  0.305767  0.285106  0.278439   \n",
       "PF            0.230478  0.117751  0.375735  0.365960  0.191805  0.254873   \n",
       "PTS           0.553265  0.337402  0.468342  0.519528  0.501642  0.387651   \n",
       "PlusMinus     0.156764  0.050551  0.269771  0.251453  0.301202  0.206070   \n",
       "PositivePlus  0.114138 -0.017921  0.167817  0.140011  0.224232  0.159025   \n",
       "MP            0.430266  0.426708  0.698509  0.749416  0.627369  0.498440   \n",
       "\n",
       "                   BLK       TOV        PF       PTS  PlusMinus  PositivePlus  \\\n",
       "AGE           0.257473  0.275266  0.165132  0.380406   0.064775      0.065949   \n",
       "FG            0.260089  0.334323  0.332901  0.947860   0.197909      0.162377   \n",
       "FGA           0.285669  0.302453  0.369954  0.819258   0.104120      0.082048   \n",
       "THREEP        0.165276  0.043010  0.106229  0.348609   0.222776      0.138529   \n",
       "THREEPA       0.170991  0.150769  0.123670  0.324157   0.102944      0.049755   \n",
       "FT            0.107412  0.183618  0.189592  0.531964   0.187018      0.110749   \n",
       "FTA           0.157554  0.183256  0.230478  0.553265   0.156764      0.114138   \n",
       "ORB           0.255094  0.211358  0.117751  0.337402   0.050551     -0.017921   \n",
       "DRB           0.252771  0.270757  0.375735  0.468342   0.269771      0.167817   \n",
       "TRB           0.304662  0.305767  0.365960  0.519528   0.251453      0.140011   \n",
       "AST           0.249411  0.285106  0.191805  0.501642   0.301202      0.224232   \n",
       "STL           0.134718  0.278439  0.254873  0.387651   0.206070      0.159025   \n",
       "BLK           1.000000  0.141770  0.196866  0.268465   0.059344      0.080970   \n",
       "TOV           0.141770  1.000000  0.217037  0.343941   0.007662     -0.016177   \n",
       "PF            0.196866  0.217037  1.000000  0.350588   0.115761      0.060073   \n",
       "PTS           0.268465  0.343941  0.350588  1.000000   0.247332      0.185011   \n",
       "PlusMinus     0.059344  0.007662  0.115761  0.247332   1.000000      0.762687   \n",
       "PositivePlus  0.080970 -0.016177  0.060073  0.185011   0.762687      1.000000   \n",
       "MP            0.375576  0.440981  0.463607  0.706897   0.247521      0.182029   \n",
       "\n",
       "                    MP  \n",
       "AGE           0.494517  \n",
       "FG            0.657175  \n",
       "FGA           0.760958  \n",
       "THREEP        0.304198  \n",
       "THREEPA       0.384747  \n",
       "FT            0.392765  \n",
       "FTA           0.430266  \n",
       "ORB           0.426708  \n",
       "DRB           0.698509  \n",
       "TRB           0.749416  \n",
       "AST           0.627369  \n",
       "STL           0.498440  \n",
       "BLK           0.375576  \n",
       "TOV           0.440981  \n",
       "PF            0.463607  \n",
       "PTS           0.706897  \n",
       "PlusMinus     0.247521  \n",
       "PositivePlus  0.182029  \n",
       "MP            1.000000  "
      ]
     },
     "execution_count": 32,
     "metadata": {},
     "output_type": "execute_result"
    }
   ],
   "source": [
    "# check correlations\n",
    "\n",
    "data.corr()"
   ]
  },
  {
   "cell_type": "code",
   "execution_count": 33,
   "metadata": {},
   "outputs": [
    {
     "data": {
      "text/plain": [
       "<matplotlib.axes._subplots.AxesSubplot at 0xa10bd04c>"
      ]
     },
     "execution_count": 33,
     "metadata": {},
     "output_type": "execute_result"
    },
    {
     "data": {
